8 11
57 100 | 12 38
57 65 | 12 120
12 57 | 57 57
40 57 | 98 12
55 12 | 77 57
12 86 | 57 109
13 57 | 104 12
42 | 42 8
12 14 | 57 29
12 53 | 57 77
42 31 | 42 11 31
"a"
122 57 | 106 12
2 12 | 99 57
12 57
126 57
115 57 | 67 12
72 12 | 121 57
57 116 | 12 50
66 75
116 57 | 126 12
57 3 | 12 50
56 57 | 105 12
57 75 | 12 126
3 12 | 116 57
57 121 | 12 79
85 12 | 40 57
57 10 | 12 32
57 63 | 12 76
12 62 | 57 64
57 117 | 12 73
12 53 | 57 16
57 36 | 12 70
50 12 | 92 57
122 57 | 91 12
37 12 | 107 57
40 57 | 91 12
57 20 | 12 19
57 50 | 12 15
66 12 | 12 57
116 12 | 40 57
9 12 | 124 57
57 26 | 12 45
57 50 | 12 85
25 57 | 58 12
3 57 | 122 12
125 57 | 74 12
57 126 | 12 116
57 122 | 12 50
66 57 | 57 12
61 57 | 107 12
121 12 | 39 57
91 57 | 106 12
91 12 | 50 57
75 57 | 106 12
69 57 | 6 12
"b"
116 12 | 85 57
12 71 | 57 60
57 61 | 12 48
92 57 | 75 12
91 57
12 7 | 57 111
12 126 | 57 3
72 12 | 48 57
57 | 12
12 126 | 57 106
12 118 | 57 123
57 41 | 12 118
4 12 | 21 57
39 57 | 27 12
126 12 | 91 57
114 12 | 112 57
46 12 | 24 57
12 12 | 57 57
96 57 | 90 12
57 85 | 12 50
57 28 | 12 33
12 15 | 57 75
57 82 | 12 49
57 106 | 12 75
85 57
85 57 | 126 12
47 12 | 87 57
57 12
12 116 | 57 15
57 89 | 12 17
106 66
57 34 | 12 46
22 57 | 54 12
12 12
57 57
57 68 | 12 110
126 57 | 91 12
12 98 | 57 75
83 12 | 107 57
52 57 | 80 12
12 57 | 57 12
18 12 | 108 57
57 41 | 12 27
57 88 | 12 103
57 101 | 12 5
12 40 | 57 116
12 3 | 57 75
30 12 | 51 57
57 66 | 12 12
12 3 | 57 15
16 12 | 46 57
57 116 | 12 106
95 57 | 81 12
35 12 | 113 57
102 57 | 97 12
92 12 | 15 57
12 1 | 57 93
12 106 | 57 91
57 12 | 12 12
57 119 | 12 78
12 126 | 57 40
57 59 | 12 43
57 35 | 12 94
91 12 | 116 57
66 66
85 12 | 116 57
84 12 | 23 57
24 57 | 44 12
57 12 | 57 57
